160
158
93
106
129
132
133
131
132
128
119
153
154
187
121
124
156
161
91
104
127
131
131
130
130
128
109
157
153
217
120
126
155
165
91
102
128
130
131
129
130
127
105
160
152
221
121
135
155
165
89
103
126
129
132
126
130
126
107
159
154
196
120
91
158
163
88
102
125
128
128
119
130
125
109
158
156
160
109
42
160
158
87
102
124
127
127
140
122
125
110
154
154
140
104
48
160
156
86
104
125
126
141
179
140
126
108
148
150
137
148
54
165
159
81
104
123
131
138
170
196
122
104
145
143
140
175
50
171
163
78
101
121
119
130
169
192
102
103
144
141
143
85
49
165
163
77
100
119
109
132
164
192
167
101
148
145
144
35
50
144
162
80
101
120
114
131
163
191
227
96
152
147
144
48
50
108
160
80
101
121
117
135
160
207
210
89
153
147
152
53
57
88
158
80
101
123
115
137
151
199
206
70
154
128
148
51
76
90
158
80
100
133
115
138
176
194
204
111
154
75
97
50
128
90
158
78
101
145
118
131
183
196
202
187
154
98
59
52
148
90
158
74
100
141
123
119
175
189
201
216
155
197
95
48
151
97
158
79
103
131
121
147
179
182
194
205
145
207
102
46
159
99
158
80
100
125
118
150
172
180
182
193
173
202
79
49
159
99
160
79
98
136
118
139
167
172
185
181
201
203
53
77
158
97
161
81
98
151
118
147
165
166
182
172
198
194
40
119
158
96
162
80
98
158
135
139
161
161
170
186
194
175
41
150
157
96
162
78
98
167
129
133
126
152
140
195
201
125
46
153
156
99
163
77
99
177
119
133
103
91
125
193
208
100
48
155
154
103
163
78
99
185
131
136
77
83
172
190
161
176
49
162
155
106
162
78
98
199
126
122
48
66
186
190
116
103
46
165
156
107
162
77
97
197
121
87
56
87
180
191
121
38
49
164
158
107
161
76
98
173
123
67
63
107
174
194
108
52
64
164
159
105
160
77
98
170
122
46
82
144
170
200
78
55
90
163
159
104
160
81
99
144
114
51
76
160
161
205
51
59
118
150
159
103
160
82
102
124
76
58
62
171
170
204
39
61
138
158
146
101
161
81
102
109
61
49
88
179
176
199
33
62
144
163
145
102
160
82
100
109
70
54
150
129
126
190
44
57
148
156
155
99
160
80
93
130
87
70
179
55
122
118
46
51
155
154
153
97
161
82
79
64
99
46
194
73
112
68
43
49
157
152
144
102
160
87
100
80
113
42
174
117
121
126
47
46
156
152
135
99
159
86
134
108
115
41
106
152
133
153
46
44
153
149
163
89
158
85
107
93
90
64
103
176
140
163
51
41
153
145
197
78
158
86
90
72
51
100
117
175
139
162
51
47
153
143
193
77
157
82
100
80
81
146
113
163
130
161
57
52
152
139
193
80
156
85
92
82
105
162
109
153
127
159
62
68
150
134
202
80
158
90
85
110
78
113
110
150
119
152
64
94
150
135
205
78
161
84
79
119
81
50
114
147
138
148
73
121
148
139
206
72
161
82
83
97
144
46
114
140
152
143
76
136
147
143
206
61
163
91
66
81
173
52
105
140
126
125
76
144
147
145
208
55
164
103
54
95
147
50
93
144
136
86
76
150
147
152
211
53
160
84
56
92
143
52
76
137
131
48
78
152
150
154
213
49
155
83
56
108
80
51
63
136
158
42
83
154
151
155
211
46
156
79
58
120
49
52
61
121
169
52
88
149
149
168
212
46
158
111
59
91
73
52
58
115
159
51
90
120
144
188
205
81
150
106
59
105
126
52
54
131
145
156
88
127
109
192
146
136
143
119
76
98
99
54
63
126
150
209
75
144
109
187
63
132
144
132
70
70
106
58
82
132
157
194
54
147
129
205
78
77
143
105
54
77
126
58
99
134
154
190
105
146
133
215
97
46
142
99
67
65
121
63
104
135
151
187
185
146
130
218
108
38
141
88
87
48
130
58
121
137
148
185
220
145
122
217
110
34
138
88
67
55
106
76
126
139
145
182
224
143
121
203
99
34
135
94
54
57
101
65
119
139
143
176
217
144
128
183
90
32
130
104
56
57
79
44
97
142
142
171
213
112
147
160
97
29
125
95
56
50
81
40
71
141
139
167
211
80
137
112
94
67
124
91
52
49
97
50
89
140
137
162
208
102
119
62
82
91
125
88
49
57
84
73
126
140
138
159
205
103
130
60
91
67
125
68
55
62
77
66
128
140
141
155
200
90
124
81
111
52
128
57
58
74
83
103
128
139
145
153
195
81
109
92
117
46
132
52
68
87
83
115
129
137
146
154
191
87
119
84
95
157
170
102
113
130
132
133
130
129
126
149
154
152
105
121
124
156
170
99
112
129
132
130
129
129
127
137
157
151
139
121
131
157
165
99
112
129
131
130
129
128
127
124
161
151
195
121
92
158
159
98
111
127
130
126
126
127
127
121
158
153
224
121
44
159
158
99
111
127
127
125
118
127
126
120
157
155
219
122
50
162
161
98
111
125
128
128
136
126
126
118
154
152
191
120
56
166
163
96
113
126
128
144
176
118
124
117
153
146
153
82
52
166
166
91
111
124
136
143
177
167
122
117
149
143
136
39
49
151
166
88
108
123
121
135
179
200
110
114
141
144
142
37
48
121
167
91
107
120
116
134
179
191
104
114
124
145
149
50
53
92
168
90
108
123
119
134
182
200
167
112
114
144
155
53
62
85
167
92
107
122
114
140
169
205
223
110
118
145
127
48
92
90
167
91
106
116
116
140
173
197
212
106
120
146
66
49
136
91
165
89
107
104
121
137
193
202
204
92
122
141
38
51
144
89
164
86
106
100
128
118
182
197
205
89
123
194
44
52
154
93
167
86
105
97
124
152
178
191
201
137
110
212
40
47
160
98
168
89
108
97
123
163
181
192
189
202
124
205
41
52
156
99
170
91
105
100
120
147
175
181
186
197
195
202
45
102
156
98
174
90
101
107
121
150
167
177
189
176
202
195
47
145
157
96
173
91
100
125
136
147
170
165
179
182
197
166
48
153
157
94
171
91
96
136
132
143
162
163
163
194
200
151
49
153
156
96
173
90
92
149
126
142
125
154
160
189
205
126
51
158
155
98
174
88
93
138
135
138
87
89
181
192
191
172
43
160
153
99
173
88
96
133
129
128
69
61
189
192
105
102
52
161
154
101
172
88
99
156
121
105
76
74
181
190
148
38
73
163
155
102
173
86
101
173
124
77
65
119
177
172
158
51
100
162
157
103
173
85
102
191
126
79
50
157
173
195
149
58
121
162
157
102
173
86
104
172
123
66
38
180
167
206
141
59
137
161
158
101
174
87
110
153
71
52
53
176
177
214
134
57
150
152
156
99
175
91
109
135
59
53
117
175
181
213
120
53
157
153
148
98
175
88
108
102
69
56
158
133
178
210
107
50
160
160
142
102
176
90
103
89
76
50
184
120
166
144
96
49
161
157
150
97
177
87
127
71
59
50
200
59
143
67
89
45
156
154
147
94
178
91
127
61
49
44
179
95
134
104
88
45
154
152
135
96
180
97
140
71
68
49
122
139
129
134
87
55
151
150
145
89
180
96
90
67
76
95
127
148
127
127
81
67
150
146
189
82
179
95
74
45
93
144
133
175
126
140
72
86
150
140
195
74
176
95
80
48
112
187
132
177
126
143
64
109
148
133
194
73
174
106
82
49
128
161
131
169
121
143
58
131
149
135
203
75
175
106
79
50
75
75
129
160
125
141
52
146
149
155
206
75
173
96
81
54
41
36
126
155
107
136
49
155
148
174
207
75
171
91
73
76
127
51
126
154
148
118
50
155
147
185
207
69
171
98
58
117
155
57
127
148
186
84
51
153
145
191
207
64
175
105
61
101
119
60
127
120
137
53
56
154
146
198
209
60
177
104
70
85
110
59
120
130
153
42
64
154
146
208
212
52
178
111
75
113
60
61
105
141
139
48
69
154
146
216
208
48
176
100
65
106
44
54
78
139
157
54
71
156
146
220
209
46
175
86
60
124
51
49
57
135
164
59
76
151
143
222
210
41
174
100
48
119
46
50
66
128
159
50
80
123
142
216
149
53
172
79
67
107
63
50
64
136
168
87
77
121
114
208
57
108
172
67
86
87
90
52
62
136
172
207
69
140
97
212
69
151
176
44
66
76
109
54
66
138
168
207
61
143
120
216
95
158
179
38
76
80
98
50
71
139
162
200
37
143
125
216
106
149
180
44
80
91
88
50
75
137
159
199
37
143
126
198
98
139
180
47
68
74
130
53
82
136
156
197
78
142
146
162
94
131
178
43
63
61
94
54
82
137
153
194
129
139
160
130
97
116
178
41
58
68
84
49
83
138
150
191
177
144
148
113
100
104
176
46
61
78
114
49
93
140
148
185
212
129
134
96
94
96
174
51
59
76
60
68
118
141
145
179
221
78
153
73
95
107
174
47
58
50
47
96
135
142
140
174
219
85
191
68
102
127
175
46
58
63
45
94
134
142
138
167
213
99
206
83
106
110
175
44
63
67
43
77
131
142
139
164
210
104
136
100
102
84
174
47
67
69
40
117
130
141
144
162
206
106
98
80
82
73
173
48
80
75
67
121
131
140
148
161
200
97
127
81
53
155
169
106
122
129
132
132
132
129
121
158
151
177
115
124
125
155
163
105
121
130
131
131
132
128
121
157
155
156
106
122
96
155
159
106
120
130
131
130
134
127
124
153
157
146
111
122
46
157
159
105
120
128
128
123
128
126
124
149
157
149
157
123
45
164
159
104
119
125
129
121
124
127
124
143
156
152
213
130
51
164
159
103
119
125
128
129
127
128
122
140
153
146
229
89
49
155
161
103
120
128
128
153
177
123
120
140
152
142
213
41
47
131
162
99
118
126
126
152
183
124
117
141
150
141
177
44
48
95
161
98
114
124
121
142
183
187
115
144
146
141
154
51
51
79
160
100
114
129
123
137
185
198
104
147
126
141
152
50
51
83
160
99
113
121
119
136
184
207
86
146
83
143
100
47
86
87
160
99
114
110
117
141
176
202
135
146
52
142
47
51
140
87
159
99
115
111
126
137
195
201
216
147
49
139
37
50
150
88
160
98
114
109
133
123
190
203
213
144
55
150
50
47
156
85
160
95
108
110
133
143
183
199
206
141
52
212
55
46
160
90
160
97
105
110
126
175
188
195
204
131
46
216
52
85
158
95
164
100
107
107
125
162
182
195
200
157
159
205
50
135
156
97
168
100
107
104
121
163
171
186
196
187
205
211
48
153
154
97
171
98
109
105
142
158
172
182
185
186
201
212
47
153
155
95
169
99
110
102
138
148
169
172
176
193
198
191
45
159
157
94
169
98
113
106
129
148
157
168
164
195
202
174
45
159
156
99
170
97
117
121
138
146
142
152
177
192
214
169
57
157
155
102
171
98
108
124
131
133
134
61
192
197
151
104
80
158
153
101
171
97
94
129
126
119
96
49
193
202
94
41
117
159
153
100
170
96
90
124
126
78
76
131
181
147
168
53
143
161
154
98
171
96
99
125
127
58
60
180
174
82
171
54
145
162
154
94
173
97
110
125
120
54
53
186
176
121
79
50
147
161
155
93
173
98
113
108
81
68
56
182
187
150
59
47
150
162
156
93
173
101
118
107
55
60
127
177
194
178
68
47
158
154
154
92
174
100
117
125
50
56
160
165
194
199
78
46
163
146
151
93
175
101
115
136
53
66
169
131
187
192
93
47
159
153
142
93
176
102
119
102
55
60
180
106
180
105
104
57
156
154
143
87
176
99
150
67
65
43
155
78
177
63
112
71
153
153
141
80
177
101
180
66
54
80
103
186
187
112
120
96
151
150
131
79
181
112
133
66
42
133
135
170
190
94
127
119
151
145
168
72
182
108
51
63
42
173
152
158
180
107
133
134
150
139
191
66
180
120
66
57
53
187
151
174
171
128
138
145
150
132
189
61
177
115
74
47
80
116
145
169
163
129
141
155
147
148
199
56
175
127
80
42
81
44
142
164
152
123
137
157
146
179
207
52
177
117
84
44
43
40
138
157
142
106
129
157
147
196
205
60
177
104
78
60
82
52
136
156
125
74
117
155
146
197
208
68
178
113
75
89
126
57
134
157
171
50
99
154
145
199
209
65
179
115
69
71
110
55
134
151
199
43
83
152
144
204
210
66
180
107
87
88
79
55
131
121
143
47
70
151
144
210
212
68
180
109
104
126
49
59
125
116
145
48
65
152
145
211
211
68
181
88
120
128
51
60
117
131
149
52
67
153
142
213
205
82
179
81
113
107
54
58
104
144
147
54
68
153
141
214
211
78
179
68
99
122
58
55
64
149
125
52
71
150
137
211
194
62
176
62
117
133
65
50
78
143
145
51
80
131
134
209
71
53
174
49
89
104
60
50
112
142
196
38
86
114
115
209
53
67
175
36
64
116
56
54
107
139
189
129
87
133
108
211
86
105
173
49
64
112
67
57
105
138
178
221
90
141
121
187
101
140
176
54
48
95
95
58
100
140
171
211
92
141
130
143
97
150
179
52
48
88
104
53
102
139
168
207
96
139
173
107
95
153
180
45
53
91
98
49
106
137
163
206
99
138
213
92
102
160
176
45
54
80
84
54
114
135
160
203
106
138
214
99
99
163
178
51
53
83
56
69
127
135
157
200
126
141
188
99
93
164
178
53
56
79
58
90
136
137
153
197
128
138
158
91
96
176
179
45
57
117
48
113
137
138
150
194
134
78
185
83
96
181
181
50
59
90
44
118
137
140
147
188
168
61
204
89
88
177
183
49
67
65
41
74
137
143
143
181
198
85
147
98
81
168
184
54
71
73
42
101
136
146
141
176
213
101
80
78
68
180
186
54
63
70
46
125
135
144
144
172
218
115
104
71
56
191
186
60
66
62
68
125
133
144
148
168
213
116
112
94
56
152
129
106
126
130
132
129
132
128
108
151
152
221
121
122
130
153
125
104
124
130
131
129
130
127
111
157
154
204
119
123
49
156
127
103
124
129
131
129
132
126
116
162
155
171
113
128
46
163
126
103
124
129
130
126
130
126
117
161
156
146
106
133
52
167
125
102
122
127
129
120
129
125
117
155
156
143
123
89
50
157
123
102
121
128
127
135
122
127
116
149
153
143
175
42
45
139
125
102
123
127
130
168
166
128
115
144
151
140
222
46
46
125
126
100
121
127
132
161
191
115
111
145
145
139
235
53
48
117
124
99
117
129
129
154
187
135
109
149
145
141
192
52
42
120
122
99
116
120
127
148
190
204
105
155
146
143
77
48
85
122
121
100
117
109
122
145
182
211
97
155
133
143
36
49
147
120
120
100
117
111
126
144
194
205
76
155
102
143
46
48
149
119
121
99
117
113
133
137
200
203
143
155
63
146
55
49
161
120
122
100
117
112
138
140
189
204
222
154
37
149
54
57
163
117
123
97
126
112
134
179
193
201
220
154
30
196
54
109
158
115
120
99
150
114
127
171
188
199
206
157
122
225
48
149
157
117
124
102
163
116
120
173
177
197
202
150
204
222
46
153
155
121
126
101
169
110
144
173
175
189
195
153
204
217
46
157
153
121
127
98
185
111
143
167
175
179
182
190
199
199
45
161
154
120
128
98
187
107
133
157
170
178
169
198
203
145
53
159
156
123
129
97
185
110
142
156
160
172
173
193
207
91
90
157
156
125
131
97
196
123
134
136
137
135
192
197
190
49
127
155
154
128
131
99
202
115
128
124
109
54
195
202
104
39
148
156
153
128
132
98
191
111
130
99
85
117
189
192
129
48
153
157
152
126
133
98
160
125
127
63
85
179
183
106
186
49
158
158
152
121
134
97
117
124
121
67
74
194
182
99
89
47
165
159
152
115
134
97
96
115
89
74
69
176
189
75
34
45
168
160
152
113
136
99
100
117
60
69
117
165
199
55
44
43
159
162
151
113
137
102
109
126
60
79
174
162
200
68
51
50
150
159
151
112
136
103
114
127
65
63
182
162
200
96
52
72
159
146
151
112
136
102
128
95
65
54
181
150
193
95
58
101
159
148
143
110
138
101
149
73
58
69
167
90
193
84
58
121
155
154
134
105
139
98
154
82
48
126
72
78
200
60
59
138
154
152
134
100
138
99
125
72
59
159
61
107
171
42
64
148
152
148
142
98
141
90
66
86
51
187
127
149
174
57
64
152
153
139
183
92
143
126
67
95
47
177
158
155
201
76
60
154
149
134
189
88
143
130
104
89
40
94
168
156
205
83
55
156
148
164
192
87
142
109
100
56
33
56
161
152
206
75
59
157
145
193
202
83
142
95
113
67
50
68
154
143
207
60
73
155
143
195
203
77
143
86
110
79
112
79
148
132
205
46
86
152
144
193
206
91
145
85
104
53
182
89
146
137
178
44
100
150
142
200
207
113
147
73
103
53
131
98
142
151
179
53
114
150
140
206
208
114
149
82
81
70
67
95
139
149
178
59
127
148
137
207
211
112
147
69
90
158
49
84
139
129
133
61
136
148
134
208
212
117
150
68
95
163
48
74
133
120
139
60
145
151
133
209
209
113
150
78
104
159
51
68
128
127
122
61
149
152
128
214
206
117
147
66
119
152
52
57
125
150
74
64
151
152
124
213
213
119
148
69
84
89
54
57
98
164
49
70
151
151
122
213
155
110
144
67
88
115
55
59
99
155
81
73
146
137
122
210
49
84
159
65
106
111
58
56
129
143
197
68
142
107
114
208
80
64
151
78
95
128
57
55
123
139
196
58
145
123
100
144
87
64
163
64
73
134
55
58
123
144
185
145
146
136
131
78
92
67
161
53
64
125
46
54
130
145
180
224
148
138
168
79
100
61
158
43
58
117
49
57
132
145
177
222
152
135
204
89
103
61
160
45
49
117
55
79
134
143
174
213
151
133
212
99
96
67
159
54
47
129
81
103
135
139
169
209
151
133
214
103
88
76
162
57
52
116
61
117
139
137
165
207
144
135
215
93
94
86
159
50
50
72
47
125
140
137
161
207
93
141
218
83
80
96
158
53
46
83
44
115
139
135
158
204
75
92
209
93
61
113
155
51
47
125
40
72
137
137
154
200
95
33
155
97
58
125
151
50
55
102
43
82
139
140
150
195
99
63
69
76
65
130
154
56
83
106
47
124
137
143
148
188
117
103
72
74
58
159
144
61
98
87
75
127
136
145
148
183
143
118
91
102
54
179
138
66
86
65
99
126
135
144
150
179
175
124
88
126
86
