10011000
10000001
01101010
01111110
10000010
10000100
10000001
10000100
10000000
01101100
10010111
10011000
11011101
01111001
01111010
10000010
10011001
01111101
01101000
01111100
10000010
10000011
10000001
10000010
01111111
01101111
10011101
10011010
11001100
01110111
01111011
00110001
10011100
01111111
01100111
01111100
10000001
10000011
10000001
10000100
01111110
01110100
10100010
10011011
10101011
01110001
10000000
00101110
10100011
01111110
01100111
01111100
10000001
10000010
01111110
10000010
01111110
01110101
10100001
10011100
10010010
01101010
10000101
00110100
10100111
01111101
01100110
01111010
01111111
10000001
01111000
10000001
01111101
01110101
10011011
10011100
10001111
01111011
01011001
00110010
10011101
01111011
01100110
01111001
10000000
01111111
10000111
01111010
01111111
01110100
10010101
10011001
10001111
10101111
00101010
00101101
10001011
01111101
01100110
01111011
01111111
10000010
10101000
10100110
10000000
01110011
10010000
10010111
10001100
11011110
00101110
00101110
01111101
01111110
01100100
01111001
01111111
10000100
10100001
10111111
01110011
01101111
10010001
10010001
10001011
11101011
00110101
00110000
01110101
01111100
01100011
01110101
10000001
10000001
10011010
10111011
10000111
01101101
10010101
10010001
10001101
11000000
00110100
00101010
01111000
01111010
01100011
01110100
01111000
01111111
10010100
10111110
11001100
01101001
10011011
10010010
10001111
01001101
00110000
01010101
01111010
01111001
01100100
01110101
01101101
01111010
10010001
10110110
11010011
01100001
10011011
10000101
10001111
00100100
00110001
10010011
01111000
01111000
01100100
01110101
01101111
01111110
10010000
11000010
11001101
01001100
10011011
01100110
10001111
00101110
00110000
10010101
01110111
01111001
01100011
01110101
01110001
10000101
10001001
11001000
11001011
10001111
10011011
00111111
10010010
00110111
00110001
10100001
01111000
01111010
01100100
01110101
01110000
10001010
10001100
10111101
11001100
11011110
10011010
00100101
10010101
00110110
00111001
10100011
01110101
01111011
01100001
01111110
01110000
10000110
10110011
11000001
11001001
11011100
10011010
00011110
11000100
00110110
01101101
10011110
01110011
01111000
01100011
10010110
01110010
01111111
10101011
10111100
11000111
11001110
10011101
01111010
11100001
00110000
10010101
10011101
01110101
01111100
01100110
10100011
01110100
01111000
10101101
10110001
11000101
11001010
10010110
11001100
11011110
00101110
10011001
10011011
01111001
01111110
01100101
10101001
01101110
10010000
10101101
10101111
10111101
11000011
10011001
11001100
11011001
00101110
10011101
10011001
01111001
01111111
01100010
10111001
01101111
10001111
10100111
10101111
10110011
10110110
10111110
11000111
11000111
00101101
10100001
10011010
01111000
10000000
01100010
10111011
01101011
10000101
10011101
10101010
10110010
10101001
11000110
11001011
10010001
00110101
10011111
10011100
01111011
10000001
01100001
10111001
01101110
10001110
10011100
10100000
10101100
10101101
11000001
11001111
01011011
01011010
10011101
10011100
01111101
10000011
01100001
11000100
01111011
10000110
10001000
10001001
10000111
11000000
11000101
10111110
00110001
01111111
10011011
10011010
10000000
10000011
01100011
11001010
01110011
10000000
01111100
01101101
00110110
11000011
11001010
01101000
00100111
10010100
10011100
10011001
10000000
10000100
01100010
10111111
01101111
10000010
01100011
01010101
01110101
10111101
11000000
10000001
00110000
10011001
10011101
10011000
01111110
10000101
01100010
10100000
01111101
01111111
00111111
01010101
10110011
10110111
01101010
10111010
00110001
10011110
10011110
10011000
01111001
10000110
01100001
01110101
01111100
01111001
01000011
01001010
11000010
10110110
01100011
01011001
00101111
10100101
10011111
10011000
01110011
10000110
01100001
01100000
01110011
01011001
01001010
01000101
10110000
10111101
01001011
00100010
00101101
10101000
10100000
10011000
01110001
10001000
01100011
01100100
01110101
00111100
01000101
01110101
10100101
11000111
00110111
00101100
00101011
10011111
10100010
10010111
01110001
10001001
01100110
01101101
01111110
00111100
01001111
10101110
10100010
11001000
01000100
00110011
00110010
10010110
10011111
10010111
01110000
10001000
01100111
01110010
01111111
01000001
00111111
10110110
10100010
11001000
01100000
00110100
01001000
10011111
10010010
10010111
01110000
10001000
01100110
10000000
01011111
01000001
00110110
10110101
10010110
11000001
01011111
00111010
01100101
10011111
10010100
10001111
01101110
10001010
01100101
10010101
01001001
00111010
01000101
10100111
01011010
11000001
01010100
00111010
01111001
10011011
10011010
10000110
01101001
10001011
01100010
10011010
01010010
00110000
01111110
01001000
01001110
11001000
00111100
00111011
10001010
10011010
10011000
10000110
01100100
10001010
01100011
01111101
01001000
00111011
10011111
00111101
01101011
10101011
00101010
01000000
10010100
10011000
10010100
10001110
01100010
10001101
01011010
01000010
01010110
00110011
10111011
01111111
10010101
10101110
00111001
01000000
10011000
10011001
10001011
10110111
01011100
10001111
01111110
01000011
01011111
00101111
10110001
10011110
10011011
11001001
01001100
00111100
10011010
10010101
10000110
10111101
01011000
10001111
10000010
01101000
01011001
00101000
01011110
10101000
10011100
11001101
01010011
00110111
10011100
10010100
10100100
11000000
01010111
10001110
01101101
01100100
00111000
00100001
00111000
10100001
10011000
11001110
01001011
00111011
10011101
10010001
11000001
11001010
01010011
10001110
01011111
01110001
01000011
00110010
01000100
10011010
10001111
11001111
00111100
01001001
10011011
10001111
11000011
11001011
01001101
10001111
01010110
01101110
01001111
01110000
01001111
10010100
10000100
11001101
00101110
01010110
10011000
10010000
11000001
11001110
01011011
10010001
01010101
01101000
00110101
10110110
01011001
10010010
10001001
10110010
00101100
01100100
10010110
10001110
11001000
11001111
01110001
10010011
01001001
01100111
00110101
10000011
01100010
10001110
10010111
10110011
00110101
01110010
10010110
10001100
11001110
11010000
01110010
10010101
01010010
01010001
01000110
01000011
01011111
10001011
10010101
10110010
00111011
01111111
10010100
10001001
11001111
11010011
01110000
10010011
01000101
01011010
10011110
00110001
01010100
10001011
10000001
10000101
00111101
10001000
10010100
10000110
11010000
11010100
01110101
10010110
01000100
01011111
10100011
00110000
01001010
10000101
01111000
10001011
00111100
10010001
10010111
10000101
11010001
11010001
01110001
10010110
01001110
01101000
10011111
00110011
01000100
10000000
01111111
01111010
00111101
10010101
10011000
10000000
11010110
11001110
01110101
10010011
01000010
01110111
10011000
00110100
00111001
01111101
10010110
01001010
01000000
10010111
10011000
01111100
11010101
11010101
01110111
10010100
01000101
01010100
01011001
00110110
00111001
01100010
10100100
00110001
01000110
10010111
10010111
01111010
11010101
10011011
01101110
10010000
01000011
01011000
01110011
00110111
00111011
01100011
10011011
01010001
01001001
10010010
10001001
01111010
11010010
00110001
01010100
10011111
01000001
01101010
01101111
00111010
00111000
10000001
10001111
11000101
01000100
10001110
01101011
01110010
11010000
01010000
01000000
10010111
01001110
01011111
10000000
00111001
00110111
01111011
10001011
11000100
00111010
10010001
01111011
01100100
10010000
01010111
01000000
10100011
01000000
01001001
10000110
00110111
00111010
01111011
10010000
10111001
10010001
10010010
10001000
10000011
01001110
01011100
01000011
10100001
00110101
01000000
01111101
00101110
00110110
10000010
10010001
10110100
11100000
10010100
10001010
10101000
01001111
01100100
00111101
10011110
00101011
00111010
01110101
00110001
00111001
10000100
10010001
10110001
11011110
10011000
10000111
11001100
01011001
01100111
00111101
10100000
00101101
00110001
01110101
00110111
01001111
10000110
10001111
10101110
11010101
10010111
10000101
11010100
01100011
01100000
01000011
10011111
00110110
00101111
10000001
01010001
01100111
10000111
10001011
10101001
11010001
10010111
10000101
11010110
01100111
01011000
01001100
10100010
00111001
00110100
01110100
00111101
01110101
10001011
10001001
10100101
11001111
10010000
10000111
11010111
01011101
01011110
01010110
10011111
00110010
00110010
01001000
00101111
01111101
10001100
10001001
10100001
11001111
01011101
10001101
11011010
01010011
01010000
01100000
10011110
00110101
00101110
01010011
00101100
01110011
10001011
10000111
10011110
11001100
01001011
01011100
11010001
01011101
00111101
01110001
10011011
00110011
00101111
01111101
00101000
01001000
10001001
10001001
10011010
11001000
01011111
00100001
10011011
01100001
00111010
01111101
10010111
00110010
00110111
01100110
00101011
01010010
10001011
10001100
10010110
11000011
01100011
00111111
01000101
01001100
01000001
10000010
10011010
00111000
01010011
01101010
00101111
01111100
10001001
10001111
10010100
10111100
01110101
01100111
01001000
01001010
00111010
10011111
10010000
00111101
01100010
01010111
01001011
01111111
10001000
10010001
10010100
10110111
10001111
01110110
01011011
01100110
00110110
10110011
10001010
01000010
01010110
01000001
01100011
01111110
10000111
10010000
10010110
10110011
10101111
01111100
01011000
01111110
01010110
