00000000
00000000
00000000
00000000
10100000
10011110
01011101
01101010
10000001
10000100
10000101
10000011
10000100
10000000
01110111
10011001
10011010
10111011
01111001
01111100
10011100
10100001
01011011
01101000
01111111
10000011
10000011
10000010
10000010
10000000
01101101
10011101
10011001
11011001
01111000
01111110
10011011
10100101
01011011
01100110
10000000
10000010
10000011
10000001
10000010
01111111
01101001
10100000
10011000
11011101
01111001
10000111
10011011
10100101
01011001
01100111
01111110
10000001
10000100
01111110
10000010
01111110
01101011
10011111
10011010
11000100
01111000
01011011
10011110
10100011
01011000
01100110
01111101
10000000
10000000
01110111
10000010
01111101
01101101
10011110
10011100
10100000
01101101
00101010
10100000
10011110
01010111
01100110
01111100
01111111
01111111
10001100
01111010
01111101
01101110
10011010
10011010
10001100
01101000
00110000
10100000
10011100
01010110
01101000
01111101
01111110
10001101
10110011
10001100
01111110
01101100
10010100
10010110
10001001
10010100
00110110
10100101
10011111
01010001
01101000
01111011
10000011
10001010
10101010
11000100
01111010
01101000
10010001
10001111
10001100
10101111
00110010
10101011
10100011
01001110
01100101
01111001
01110111
10000010
10101001
11000000
01100110
01100111
10010000
10001101
10001111
01010101
00110001
10100101
10100011
01001101
01100100
01110111
01101101
10000100
10100100
11000000
10100111
01100101
10010100
10010001
10010000
00100011
00110010
10010000
10100010
01010000
01100101
01111000
01110010
10000011
10100011
10111111
11100011
01100000
10011000
10010011
10010000
00110000
00110010
01101100
10100000
01010000
01100101
01111001
01110101
10000111
10100000
11001111
11010010
01011001
10011001
10010011
10011000
00110101
00111001
01011000
10011110
01010000
01100101
01111011
01110011
10001001
10010111
11000111
11001110
01000110
10011010
10000000
10010100
00110011
01001100
01011010
10011110
01010000
01100100
10000101
01110011
10001010
10110000
11000010
11001100
01101111
10011010
01001011
01100001
00110010
10000000
01011010
10011110
01001110
01100101
10010001
01110110
10000011
10110111
11000100
11001010
10111011
10011010
01100010
00111011
00110100
10010100
01011010
10011110
01001010
01100100
10001101
01111011
01110111
10101111
10111101
11001001
11011000
10011011
11000101
01011111
00110000
10010111
01100001
10011110
01001111
01100111
10000011
01111001
10010011
10110011
10110110
11000010
11001101
10010001
11001111
01100110
00101110
10011111
01100011
10011110
01010000
01100100
01111101
01110110
10010110
10101100
10110100
10110110
11000001
10101101
11001010
01001111
00110001
10011111
01100011
10100000
01001111
01100010
10001000
01110110
10001011
10100111
10101100
10111001
10110101
11001001
11001011
00110101
01001101
10011110
01100001
10100001
01010001
01100010
10010111
01110110
10010011
10100101
10100110
10110110
10101100
11000110
11000010
00101000
01110111
10011110
01100000
10100010
01010000
01100010
10011110
10000111
10001011
10100001
10100001
10101010
10111010
11000010
10101111
00101001
10010110
10011101
01100000
10100010
01001110
01100010
10100111
10000001
10000101
01111110
10011000
10001100
11000011
11001001
01111101
00101110
10011001
10011100
01100011
10100011
01001101
01100011
10110001
01110111
10000101
01100111
01011011
01111101
11000001
11010000
01100100
00110000
10011011
10011010
01100111
10100011
01001110
01100011
10111001
10000011
10001000
01001101
01010011
10101100
10111110
10100001
10110000
00110001
10100010
10011011
01101010
10100010
01001110
01100010
11000111
01111110
01111010
00110000
01000010
10111010
10111110
01110100
01100111
00101110
10100101
10011100
01101011
10100010
01001101
01100001
11000101
01111001
01010111
00111000
01010111
10110100
10111111
01111001
00100110
00110001
10100100
10011110
01101011
10100001
01001100
01100010
10101101
01111011
01000011
00111111
01101011
10101110
11000010
01101100
00110100
01000000
10100100
10011111
01101001
10100000
01001101
01100010
10101010
01111010
00101110
01010010
10010000
10101010
11001000
01001110
00110111
01011010
10100011
10011111
01101000
10100000
01010001
01100011
10010000
01110010
00110011
01001100
10100000
10100001
11001101
00110011
00111011
01110110
10010110
10011111
01100111
10100000
01010010
01100110
01111100
01001100
00111010
00111110
10101011
10101010
11001100
00100111
00111101
10001010
10011110
10010010
01100101
10100001
01010001
01100110
01101101
00111101
00110001
01011000
10110011
10110000
11000111
00100001
00111110
10010000
10100011
10010001
01100110
10100000
01010010
01100100
01101101
01000110
00110110
10010110
10000001
01111110
10111110
00101100
00111001
10010100
10011100
10011011
01100011
10100000
01010000
01011101
10000010
01010111
01000110
10110011
00110111
01111010
01110110
00101110
00110011
10011011
10011010
10011001
01100001
10100001
01010010
01001111
01000000
01100011
00101110
11000010
01001001
01110000
01000100
00101011
00110001
10011101
10011000
10010000
01100110
10100000
01010111
01100100
01010000
01110001
00101010
10101110
01110101
01111001
01111110
00101111
00101110
10011100
10011000
10000111
01100011
10011111
01010110
10000110
01101100
01110011
00101001
01101010
10011000
10000101
10011001
00101110
00101100
10011001
10010101
10100011
01011001
10011110
01010101
01101011
01011101
01011010
01000000
01100111
10110000
10001100
10100011
00110011
00101001
10011001
10010001
11000101
01001110
10011110
01010110
01011010
01001000
00110011
01100100
01110101
10101111
10001011
10100010
00110011
00101111
10011001
10001111
11000001
01001101
10011101
01010010
01100100
01010000
01010001
10010010
01110001
10100011
10000010
10100001
00111001
00110100
10011000
10001011
11000001
01010000
10011100
01010101
01011100
01010010
01101001
10100010
01101101
10011001
01111111
10011111
00111110
01000100
10010110
10000110
11001010
01010000
10011110
01011010
01010101
01101110
01001110
01110001
01101110
10010110
01110111
10011000
01000000
01011110
10010110
10000111
11001101
01001110
10100001
01010100
01001111
01110111
01010001
00110010
01110010
10010011
10001010
10010100
01001001
01111001
10010100
10001011
11001110
01001000
10100001
01010010
01010011
01100001
10010000
00101110
01110010
10001100
10011000
10001111
01001100
10001000
10010011
10001111
11001110
00111101
10100011
01011011
01000010
01010001
10101101
00110100
01101001
10001100
01111110
01111101
01001100
10010000
10010011
10010001
11010000
00110111
10100100
01100111
00110110
01011111
10010011
00110010
01011101
10010000
10001000
01010110
01001100
10010110
10010011
10011000
11010011
00110101
10100000
01010100
00111000
01011100
10001111
00110100
01001100
10001001
10000011
00110000
01001110
10011000
10010110
10011010
11010101
00110001
10011011
01010011
00111000
01101100
01010000
00110011
00111111
10001000
10011110
00101010
01010011
10011010
10010111
10011011
11010011
00101110
10011100
01001111
00111010
01111000
00110001
00110100
00111101
01111001
10101001
00110100
01011000
10010101
10010101
10101000
11010100
00101110
10011110
01101111
00111011
01011011
01001001
00110100
00111010
01110011
10011111
00110011
01011010
01111000
10010000
10111100
11001101
01010001
10010110
01101010
00111011
01101001
01111110
00110100
00110110
10000011
10010001
10011100
01011000
01111111
01101101
11000000
10010010
10001000
10001111
01110111
01001100
01100010
01100011
00110110
00111111
01111110
10010110
11010001
01001011
10010000
01101101
10111011
00111111
10000100
10010000
10000100
01000110
01000110
01101010
00111010
01010010
10000100
10011101
11000010
00110110
10010011
10000001
11001101
01001110
01001101
10001111
01101001
00110110
01001101
01111110
00111010
01100011
10000110
10011010
10111110
01101001
10010010
10000101
11010111
01100001
00101110
10001110
01100011
01000011
01000001
01111001
00111111
01101000
10000111
10010111
10111011
10111001
10010010
10000010
11011010
01101100
00100110
10001101
01011000
01010111
00110000
10000010
00111010
01111001
10001001
10010100
10111001
11011100
10010001
01111010
11011001
01101110
00100010
10001010
01011000
01000011
00110111
01101010
01001100
01111110
10001011
10010001
10110110
11100000
10001111
01111001
11001011
01100011
00100010
10000111
01011110
00110110
00111001
01100101
01000001
01110111
10001011
10001111
10110000
11011001
10010000
10000000
10110111
01011010
00100000
10000010
01101000
00111000
00111001
01001111
00101100
01100001
10001110
10001110
10101011
11010101
01110000
10010011
10100000
01100001
00011101
01111101
01011111
00111000
00110010
01010001
00101000
01000111
10001101
10001011
10100111
11010011
01010000
10001001
01110000
01011110
01000011
01111100
01011011
00110100
00110001
01100001
00110010
01011001
10001100
10001001
10100010
11010000
01100110
01110111
00111110
01010010
01011011
01111101
01011000
00110001
00111001
01010100
01001001
01111110
10001100
10001010
10011111
11001101
01100111
10000010
00111100
01011011
01000011
01111101
01000100
00110111
00111110
01001101
01000010
10000000
10001100
10001101
10011011
11001000
01011010
01111100
01010001
01101111
00110100
10000000
00111001
00111010
01001010
01010011
01100111
10000000
10001011
10010001
10011001
11000011
01010001
01101101
01011100
01110101
00101110
10000100
00110100
01000100
01010111
01010011
01110011
10000001
10001001
10010010
10011010
10111111
01010111
01110111
01010100
01011111
01011111
