00000000
00000000
00000000
00000000
10011011
10101001
01101010
01111010
10000001
10000100
10000100
10000100
10000001
01111001
10011110
10010111
10110001
01110011
01111100
01111101
10011011
10100011
01101001
01111001
10000010
10000011
10000011
10000100
10000000
01111001
10011101
10011011
10011100
01101010
01111010
01100000
10011011
10011111
01101010
01111000
10000010
10000011
10000010
10000110
01111111
01111100
10011001
10011101
10010010
01101111
01111010
00101110
10011101
10011111
01101001
01111000
10000000
10000000
01111011
10000000
01111110
01111100
10010101
10011101
10010101
10011101
01111011
00101101
10100100
10011111
01101000
01110111
01111101
10000001
01111001
01111100
01111111
01111100
10001111
10011100
10011000
11010101
10000010
00110011
10100100
10011111
01100111
01110111
01111101
10000000
10000001
01111111
10000000
01111010
10001100
10011001
10010010
11100101
01011001
00110001
10011011
10100001
01100111
01111000
10000000
10000000
10011001
10110001
01111011
01111000
10001100
10011000
10001110
11010101
00101001
00101111
10000011
10100010
01100011
01110110
01111110
01111110
10011000
10110111
01111100
01110101
10001101
10010110
10001101
10110001
00101100
00110000
01011111
10100001
01100010
01110010
01111100
01111001
10001110
10110111
10111011
01110011
10010000
10010010
10001101
10011010
00110011
00110011
01001111
10100000
01100100
01110010
10000001
01111011
10001001
10111001
11000110
01101000
10010011
01111110
10001101
10011000
00110010
00110011
01010011
10100000
01100011
01110001
01111001
01110111
10001000
10111000
11001111
01010110
10010010
01010011
10001111
01100100
00101111
01010110
01010111
10100000
01100011
01110010
01101110
01110101
10001101
10110000
11001010
10000111
10010010
00110100
10001110
00101111
00110011
10001100
01010111
10011111
01100011
01110011
01101111
01111110
10001001
11000011
11001001
11011000
10010011
00110001
10001011
00100101
00110010
10010110
01011000
10100000
01100010
01110010
01101101
10000101
01111011
10111110
11001011
11010101
10010000
00110111
10010110
00110010
00101111
10011100
01010101
10100000
01011111
01101100
01101110
10000101
10001111
10110111
11000111
11001110
10001101
00110100
11010100
00110111
00101110
10100000
01011010
10100000
01100001
01101001
01101110
01111110
10101111
10111100
11000011
11001100
10000011
00101110
11011000
00110100
01010101
10011110
01011111
10100100
01100100
01101011
01101011
01111101
10100010
10110110
11000011
11001000
10011101
10011111
11001101
00110010
10000111
10011100
01100001
10101000
01100100
01101011
01101000
01111001
10100011
10101011
10111010
11000100
10111011
11001101
11010011
00110000
10011001
10011010
01100001
10101011
01100010
01101101
01101001
10001110
10011110
10101100
10110110
10111001
10111010
11001001
11010100
00101111
10011001
10011011
01011111
10101001
01100011
01101110
01100110
10001010
10010100
10101001
10101100
10110000
11000001
11000110
10111111
00101101
10011111
10011101
01011110
10101001
01100010
01110001
01101010
10000001
10010100
10011101
10101000
10100100
11000011
11001010
10101110
00101101
10011111
10011100
01100011
10101010
01100001
01110101
01111001
10001010
10010010
10001110
10011000
10110001
11000000
11010110
10101001
00111001
10011101
10011011
01100110
10101011
01100010
01101100
01111100
10000011
10000101
10000110
00111101
11000000
11000101
10010111
01101000
01010000
10011110
10011001
01100101
10101011
01100001
01011110
10000001
01111110
01110111
01100000
00110001
11000001
11001010
01011110
00101001
01110101
10011111
10011001
01100100
10101010
01100000
01011010
01111100
01111110
01001110
01001100
10000011
10110101
10010011
10101000
00110101
10001111
10100001
10011010
01100010
10101011
01100000
01100011
01111101
01111111
00111010
00111100
10110100
10101110
01010010
10101011
00110110
10010001
10100010
10011010
01011110
10101101
01100001
01101110
01111101
01111000
00110110
00110101
10111010
10110000
01111001
01001111
00110010
10010011
10100001
10011011
01011101
10101101
01100010
01110001
01101100
01010001
01000100
00111000
10110110
10111011
10010110
00111011
00101111
10010110
10100010
10011100
01011101
10101101
01100101
01110110
01101011
00110111
00111100
01111111
10110001
11000010
10110010
01000100
00101111
10011110
10011010
10011010
01011100
10101110
01100100
01110101
01111101
00110010
00111000
10100000
10100101
11000010
11000111
01001110
00101110
10100011
10010010
10010111
01011101
10101111
01100101
01110011
10001000
00110101
01000010
10101001
10000011
10111011
11000000
01011101
00101111
10011111
10011001
10001110
01011101
10110000
01100110
01110111
01100110
00110111
00111100
10110100
01101010
10110100
01101001
01101000
00111001
10011100
10011010
10001111
01010111
10110000
01100011
10010110
01000011
01000001
00101011
10011011
01001110
10110001
00111111
01110000
01000111
10011001
10011001
10001101
01010000
10110001
01100101
10110100
01000010
00110110
01010000
01100111
10111010
10111011
01110000
01111000
01100000
10010111
10010110
10000011
01001111
10110101
01110000
10000101
01000010
00101010
10000101
10000111
10101010
10111110
01011110
01111111
01110111
10010111
10010001
10101000
01001000
10110110
01101100
00110011
00111111
00101010
10101101
10011000
10011110
10110100
01101011
10000101
10000110
10010110
10001011
10111111
01000010
10110100
01111000
01000010
00111001
00110101
10111011
10010111
10101110
10101011
10000000
10001010
10010001
10010110
10000100
10111101
00111101
10110001
01110011
01001010
00101111
01010000
01110100
10010001
10101001
10100011
10000001
10001101
10011011
10010011
10010100
11000111
00111000
10101111
01111111
01010000
00101010
01010001
00101100
10001110
10100100
10011000
01111011
10001001
10011101
10010010
10110011
11001111
00110100
10110001
01110101
01010100
00101100
00101011
00101000
10001010
10011101
10001110
01101010
10000001
10011101
10010011
11000100
11001101
00111100
10110001
01101000
01001110
00111100
01010010
00110100
10001000
10011100
01111101
01001010
01110101
10011011
10010010
11000101
11010000
01000100
10110010
01110001
01001011
01011001
01111110
00111001
10000110
10011101
10101011
00110010
01100011
10011010
10010001
11000111
11010001
01000001
10110011
01110011
01000101
01000111
01101110
00110111
10000110
10010111
11000111
00101011
01010011
10011000
10010000
11001100
11010010
01000010
10110100
01101011
01010111
01011000
01001111
00110111
10000011
01111001
10001111
00101111
01000110
10010111
10010000
11010010
11010100
01000100
10110100
01101101
01101000
01111110
00110001
00111011
01111101
01110100
10010001
00110000
01000001
10011000
10010001
11010011
11010011
01000100
10110101
01011000
01111000
10000000
00110011
00111100
01110101
10000011
10010101
00110100
01000011
10011001
10001110
11010101
11001101
01010010
10110011
01010001
01110001
01101011
00110110
00111010
01101000
10010000
10010011
00110110
01000100
10011001
10001101
11010110
11010011
01001110
10110011
01000100
01100011
01111010
00111010
00110111
01000000
10010101
01111101
00110100
01000111
10010110
10001001
11010011
11000010
00111110
10110000
00111110
01110101
10000101
01000001
00110010
01001110
10001111
10010001
00110011
01010000
10000011
10000110
11010001
01000111
00110101
10101110
00110001
01011001
01101000
00111100
00110010
01110000
10001110
11000100
00100110
01010110
01110010
01110011
11010001
00110101
01000011
10101111
00100100
01000000
01110100
00111000
00110110
01101011
10001011
10111101
10000001
01010111
10000101
01101100
11010011
01010110
01101001
10101101
00110001
01000000
01110000
01000011
00111001
01101001
10001010
10110010
11011101
01011010
10001101
01111001
10111011
01100101
10001100
10110000
00110110
00110000
01011111
01011111
00111010
01100100
10001100
10101011
11010011
01011100
10001101
10000010
10001111
01100001
10010110
10110011
00110100
00110000
01011000
01101000
00110101
01100110
10001011
10101000
11001111
01100000
10001011
10101101
01101011
01011111
10011001
10110100
00101101
00110101
01011011
01100010
00110001
01101010
10001001
10100011
11001110
01100011
10001010
11010101
01011100
01100110
10100000
10110000
00101101
00110110
01010000
01010100
00110110
01110010
10000111
10100000
11001011
01101010
10001010
11010110
01100011
01100011
10100011
10110010
00110011
00110101
01010011
00111000
01000101
01111111
10000111
10011101
11001000
01111110
10001101
10111100
01100011
01011101
10100100
10110010
00110101
00111000
01001111
00111010
01011010
10001000
10001001
10011001
11000101
10000000
10001010
10011110
01011011
01100000
10110000
10110011
00101101
00111001
01110101
00110000
01110001
10001001
10001010
10010110
11000010
10000110
01001110
10111001
01010011
01100000
10110101
10110101
00110010
00111011
01011010
00101100
01110110
10001001
10001100
10010011
10111100
10101000
00111101
11001100
01011001
01011000
10110001
10110111
00110001
01000011
01000001
00101001
01001010
10001001
10001111
10001111
10110101
11000110
01010101
10010011
01100010
01010001
10101000
10111000
00110110
01000111
01001001
00101010
01100101
10001000
10010010
10001101
10110000
11010101
01100101
01010000
01001110
01000100
10110100
10111010
00110110
00111111
01000110
00101110
01111101
10000111
10010000
10010000
10101100
11011010
01110011
01101000
01000111
00111000
10111111
10111010
00111100
01000010
00111110
01000100
01111101
10000101
10010000
10010100
10101000
11010101
01110100
01110000
01011110
00111000
00111000
